  5.4071495e+000  8.2481465e+000
  4.8083480e+000  8.9784341e+000
  5.8939383e+000  9.3618155e+000
  8.0659650e+000  9.0235309e+000
  4.1878093e+000  4.9904013e+000
  7.0183482e+000  9.4266946e+000
  7.0971382e+000  8.9802289e+000
  7.7140659e+000  4.1628383e+000
  7.2384587e+000  5.5640960e+000
  7.8040518e+000  5.0420998e+000
  5.5475719e+000  1.1820779e+001
  3.2200336e+000  1.1059113e+001
  7.8143985e+000  1.4541174e+001
  2.0976812e+000  1.4717495e+001
  4.5619771e+000  1.4215179e+001
  2.8647878e+000  1.0264046e+001
  5.6215383e+000  1.3574066e+001
  6.3961595e+000  1.1953498e+001
  3.6352068e+000  1.3402518e+001
  5.0721923e+000  1.5321635e+001
  7.9378077e+000  2.0360243e+001
  7.4468982e+000  1.5621940e+001
  9.6853806e+000  2.0209797e+001
  1.0219593e+001  1.8487354e+001
  8.0086099e+000  1.5070797e+001
  7.2840699e+000  1.6396689e+001
  1.0454194e+001  1.5724522e+001
  6.6570083e+000  2.0162013e+001
  9.5123706e+000  1.9766110e+001
  9.2641469e+000  1.9473697e+001
  2.6980657e+001  3.3575844e+000
  2.6035034e+001  8.7378480e+000
  2.5611039e+001  7.0841132e+000
  2.3716420e+001  3.4999902e+000
  2.2496518e+001  6.6617826e+000
  2.3029878e+001  9.1704562e+000
  2.4553794e+001  6.4016937e+000
  2.3953411e+001  8.7565875e+000
  2.6182943e+001  6.6290697e+000
  2.3371644e+001  8.1343690e+000
  3.3920877e+001  1.2416675e+000
  3.0764272e+001  3.5040810e+000
  3.2107159e+001  2.4571340e+000
  3.1577147e+001  1.0689012e+000
  3.3071494e+001  4.9673154e+000
  3.1443119e+001  1.3361106e+000
  3.2654006e+001  2.5494934e+000
  3.2549675e+001  2.6984971e+000
  3.3168303e+001  5.0802141e+000
  2.9054572e+001  1.0218445e+000
  1.8377060e+001  5.4435092e+000
  1.9195187e+001  6.0880597e+000
  1.7558229e+001  4.0916549e+000
  1.6356170e+001  4.0311977e+000
  2.1121099e+001  1.0755178e+001
  2.1748761e+001  9.5516357e+000
  2.1303778e+001  9.2685734e+000
  1.7697302e+001  1.0177297e+001
  1.9529185e+001  4.8464540e+000
  1.8693650e+001  4.6570592e+000
  1.5247317e+001  1.8005211e+001
  1.2038379e+001  1.7031786e+001
  1.2740145e+001  1.5499097e+001
  1.2328460e+001  1.6506286e+001
  1.6491004e+001  1.8094830e+001
  1.2420448e+001  1.5827539e+001
  1.6229317e+001  1.5709393e+001
  1.2826792e+001  1.7960378e+001
  1.5625540e+001  1.6683600e+001
  1.4776482e+001  1.5659319e+001
  2.8346310e+001  1.8210663e+001
  2.7528913e+001  1.9038862e+001
  2.6810580e+001  1.8454737e+001
  3.1402176e+001  2.1539830e+001
  2.8065391e+001  1.6654251e+001
  2.6639678e+001  1.9471558e+001
  3.0557419e+001  1.5981928e+001
  2.7028839e+001  1.7711079e+001
  2.5222304e+001  1.5950618e+001
  3.1608747e+001  1.7303694e+001
  2.2382464e+001  1.6918167e+001
  1.8338143e+001  1.8612275e+001
  1.9848511e+001  1.9804025e+001
  2.1178003e+001  1.5485961e+001
  1.8961799e+001  1.8743535e+001
  2.1527363e+001  1.5164399e+001
  1.8410029e+001  1.5349985e+001
  2.5942377e+001  1.9108342e+001
  2.3533555e+001  1.4754613e+001
  2.2901169e+001  1.8442324e+001
  2.9152737e+001  1.0133145e+001
  2.8047785e+001  1.3590331e+001
  2.8414414e+001  1.3904618e+001
  2.7423551e+001  1.4941719e+001
  2.5410197e+001  1.2007258e+001
  2.5248146e+001  1.0291025e+001
  2.6207306e+001  1.1945163e+001
  2.7096785e+001  1.3407496e+001
  2.6176822e+001  1.3636835e+001
  2.7977617e+001  1.0470235e+001
  1.4814258e+001  1.3454730e+001
  1.2716176e+001  1.3742277e+001
  1.4622565e+001  1.4738048e+001
  1.1570804e+001  1.3121546e+001
  1.3681307e+001  1.3749409e+001
  1.1947358e+001  1.3232533e+001
  1.4564837e+001  1.0864005e+001
  1.0347556e+001  1.1383029e+001
  1.1345774e+001  1.4125935e+001
  1.3171772e+001  1.2047920e+001
  2.2585858e+001  2.4927079e+001
  1.9987366e+001  2.6774711e+001
  2.4679115e+001  2.3192777e+001
  2.2005565e+001  2.5153405e+001
  2.4715557e+001  2.4647583e+001
  2.1570414e+001  2.0205730e+001
  2.4004105e+001  2.2434064e+001
  1.9565440e+001  2.0570146e+001
  1.9691379e+001  2.0422662e+001
  2.4244507e+001  2.5280684e+001
  2.7583031e+001  2.7572024e+001
  2.7027375e+001  2.5292568e+001
  2.9645718e+001  2.6398043e+001
  2.5729005e+001  2.5574930e+001
  2.5031262e+001  2.6183516e+001
  2.7248710e+001  2.2852291e+001
  2.6662727e+001  2.4366357e+001
  2.6238452e+001  2.2393696e+001
  2.4156411e+001  2.7046096e+001
  2.5948824e+001  2.6748191e+001
  8.1889479e+000  2.6596573e+001
  1.2236449e+001  3.0855651e+001
  1.1229814e+001  3.0161126e+001
  7.0593645e+000  2.5289098e+001
  1.0968120e+001  2.5695347e+001
  1.1844672e+001  2.5714360e+001
  1.1440643e+001  2.5207041e+001
  1.2929327e+001  2.6321549e+001
  1.0070210e+001  2.6820988e+001
  8.5054045e+000  2.8331754e+001
  2.1508936e+001  2.6734280e+001
  1.9922724e+001  2.8381620e+001
  1.5953449e+001  2.5256218e+001
  1.8427599e+001  3.0342978e+001
  2.2012258e+001  3.1158775e+001
  1.8615133e+001  2.8745134e+001
  1.7878130e+001  2.6040768e+001
  2.2162841e+001  3.0631727e+001
  2.0568998e+001  2.8243240e+001
  2.2126029e+001  2.6199305e+001
  2.7976756e+001  2.9828189e+001
  3.1619097e+001  3.3272151e+001
  2.6472322e+001  3.5397156e+001
  2.6872753e+001  3.1286525e+001
  3.2276323e+001  2.9341891e+001
  2.9555704e+001  3.1061514e+001
  3.3001694e+001  3.3169140e+001
  3.2905570e+001  3.1737115e+001
  2.7594639e+001  3.0947641e+001
  3.2734364e+001  3.2341585e+001
  5.0000000e+000  5.0000000e+000
  1.0000000e+001  5.0000000e+000
  1.5000000e+001  5.0000000e+000
  2.0000000e+001  5.0000000e+000
  2.5000000e+001  5.0000000e+000
  5.0000000e+000  1.0000000e+001
  1.0000000e+001  1.0000000e+001
  1.5000000e+001  1.0000000e+001
  2.0000000e+001  1.0000000e+001
  2.5000000e+001  1.0000000e+001
  5.0000000e+000  1.5000000e+001
  1.0000000e+001  1.5000000e+001
  1.5000000e+001  1.5000000e+001
  2.0000000e+001  1.5000000e+001
  2.5000000e+001  1.5000000e+001
  5.0000000e+000  2.0000000e+001
  1.0000000e+001  2.0000000e+001
  1.5000000e+001  2.0000000e+001
  2.0000000e+001  2.0000000e+001
  2.5000000e+001  2.0000000e+001
  5.0000000e+000  2.5000000e+001
  1.0000000e+001  2.5000000e+001
  1.5000000e+001  2.5000000e+001
  2.0000000e+001  2.5000000e+001
  2.5000000e+001  2.5000000e+001
  5.0000000e+000  5.0000000e+000
  1.0000000e+001  5.0000000e+000
  1.5000000e+001  5.0000000e+000
  2.0000000e+001  5.0000000e+000
  2.5000000e+001  5.0000000e+000
  5.0000000e+000  1.0000000e+001
  1.0000000e+001  1.0000000e+001
  1.5000000e+001  1.0000000e+001
  2.0000000e+001  1.0000000e+001
  2.5000000e+001  1.0000000e+001
  5.0000000e+000  1.5000000e+001
  1.0000000e+001  1.5000000e+001
  1.5000000e+001  1.5000000e+001
  2.0000000e+001  1.5000000e+001
  2.5000000e+001  1.5000000e+001
  5.0000000e+000  2.0000000e+001
  1.0000000e+001  2.0000000e+001
  1.5000000e+001  2.0000000e+001
  2.0000000e+001  2.0000000e+001
  2.5000000e+001  2.0000000e+001
  5.0000000e+000  2.5000000e+001
  1.0000000e+001  2.5000000e+001
  1.5000000e+001  2.5000000e+001
  2.0000000e+001  2.5000000e+001
  2.5000000e+001  2.5000000e+001
