  8.2702597e-001
  1.0148054e+000
  1.1289380e+000
  8.0701403e-001
  3.9429308e-001
  9.3143350e-001
  8.8384710e-001
  5.5296749e-001
  8.5670512e-001
  6.8911622e-001
  8.9157253e-001
  6.1424335e-001
  5.6665743e-001
  1.2659921e-001
  5.0482996e-001
  5.2951429e-001
  5.9576323e-001
  7.5030787e-001
  3.6654166e-001
  5.6239178e-001
  1.0704909e+000
  5.9011449e-001
  1.0862867e+000
  9.3905228e-001
  5.9198762e-001
  5.8707300e-001
  1.1695638e+000
  9.0034325e-001
  1.0165886e+000
  9.6632289e-001
  2.3257709e-001
  5.1822032e-001
  6.3565207e-001
  3.1711325e-001
  4.9142468e-001
  6.6240062e-001
  7.1941861e-001
  6.5360395e-001
  5.7099990e-001
  6.1824993e-001
  5.9394045e-001
  8.7635411e-001
  1.1932863e+000
  8.6211338e-001
  5.0037853e-001
  9.3242306e-001
  1.1378309e+000
  1.1541884e+000
  4.5339617e-001
  2.7891515e-001
  8.1988487e-001
  6.9580368e-001
  6.9743851e-001
  5.0001781e-001
  8.4624407e-001
  6.9993922e-001
  6.7699146e-001
  8.4246180e-001
  6.2431730e-001
  7.5411317e-001
  1.2247090e+000
  1.4359528e+000
  1.8427290e+000
  1.6172863e+000
  1.2997140e+000
  1.7646300e+000
  1.3227469e+000
  1.2444025e+000
  1.3588000e+000
  1.6343974e+000
  4.0836599e-001
  4.1077844e-001
  4.6654293e-001
  8.1307243e-002
  4.5909608e-001
  4.1718884e-001
  2.4132179e-001
  4.9295641e-001
  5.4018851e-001
  1.6360130e-001
  6.0652004e-001
  1.4506764e+000
  1.2774371e+000
  7.6575755e-001
  1.4064661e+000
  7.3922356e-001
  1.0648023e+000
  4.4498544e-001
  6.0169420e-001
  5.3995767e-001
  1.4165010e-001
  3.4697298e-001
  3.3320073e-001
  4.5237823e-001
  5.6983784e-001
  6.1389420e-001
  4.9154952e-001
  4.1591123e-001
  4.8711057e-001
  2.6930913e-001
  1.4484156e+000
  1.6197283e+000
  1.6866490e+000
  1.2084590e+000
  1.6499035e+000
  1.3279688e+000
  7.6093229e-001
  6.9427577e-001
  1.3911266e+000
  1.0634470e+000
  9.9770211e-001
  1.4813501e+000
  6.8021641e-001
  1.0679254e+000
  8.5795647e-001
  7.8348257e-001
  6.0444926e-001
  1.3251022e+000
  1.3032069e+000
  9.2938674e-001
  6.9328886e-001
  6.1587500e-001
  4.1981299e-001
  8.0678543e-001
  8.7424815e-001
  4.0589729e-001
  6.1354949e-001
  4.7284388e-001
  9.0300342e-001
  7.7152610e-001
  1.0037397e+000
  5.7181134e-001
  5.4899918e-001
  1.1355803e+000
  1.2550254e+000
  1.2501530e+000
  1.2944576e+000
  1.2518200e+000
  1.0555471e+000
  6.4715473e-001
  1.2273717e+000
  1.4720046e+000
  1.4664713e+000
  1.3356807e+000
  7.3548514e-001
  1.6010082e+000
  1.6250753e+000
  7.9209895e-001
  1.3666632e+000
  1.1254555e+000
  1.0632713e+000
  1.2032877e+000
  4.1066535e-001
  9.6516707e-001
  8.4866209e-001
  1.4680877e+000
  8.8079363e-001
  9.9675598e-001
  1.1232567e+000
  1.0339671e+000
  6.7996986e-001
  2.8924566e-001
  2.9413934e-001
  5.3585398e-001
  6.5727988e-001
  1.2733749e+000
  7.0620293e-001
  6.1374494e-001
  8.2031291e-001
  6.3443325e-001
  5.6072289e-001
  9.9474546e-001
  1.6095313e+000
  9.1559522e-001
  5.4572060e-001
  6.2352287e-001
  1.0494804e+000
  1.0394048e+000
  1.2344649e+000
  4.2369237e-001
  7.8760854e-001
  1.3590308e+000
  1.3650314e+000
  1.3036922e+000
  8.6150051e-001
  6.7996986e-001
  2.8924566e-001
  2.9413934e-001
  5.3585398e-001
  6.5727988e-001
  1.2733749e+000
  7.0620293e-001
  6.1374494e-001
  8.2031291e-001
  6.3443325e-001
  5.6072289e-001
  9.9474546e-001
  1.6095313e+000
  9.1559522e-001
  5.4572060e-001
  6.2352287e-001
  1.0494804e+000
  1.0394048e+000
  1.2344649e+000
  4.2369237e-001
  7.8760854e-001
  1.3590308e+000
  1.3650314e+000
  1.3036922e+000
  8.6150051e-001
