  1.9915826e+000
 -1.1926236e-001
 -2.7272839e-001
  1.4444549e+000
 -7.4413289e-002
 -3.6251346e-001
 -7.7703176e-001
 -2.5011256e-001
 -4.1868261e-001
  1.4148801e+000
 -8.4739085e-001
  1.6613039e-001
 -4.8190163e-002
 -2.9772241e+000
  1.0069990e+000
  8.8436946e-001
 -4.0586253e-001
 -2.6191711e+000
 -9.6858939e-001
  5.5532344e-001
  7.5945426e-001
 -5.7204786e-001
  1.1580491e+000
 -3.0800040e-001
  3.1708855e-003
 -1.4060613e+000
  1.6240944e+000
  1.3962039e-001
 -1.8166435e+000
 -2.7891510e+000
  2.6241461e-001
  1.1922209e-001
