  3.3156704e+001
  2.0321216e+001
 -1.8967676e+001
  1.2606483e+001
 -6.4142339e+000
 -6.6419608e-001
 -8.7381722e+000
  1.4049385e+001
 -1.6090132e+001
  1.2444094e+001
 -5.4542250e+000
 -2.2824369e+001
  1.6274997e+001
 -8.9050674e+000
 -1.3154993e+000
 -1.3849309e+001
 -9.1140647e-001
 -3.4517652e+000
  4.3144787e-001
 -3.6109670e+000
  1.0981422e+001
 -6.1971975e+000
  4.3418090e+000
 -8.9621308e+000
  1.2304936e+001
 -7.1924102e+000
 -5.5839904e+000
 -1.1480069e+001
  1.2699905e+000
 -8.5949645e+000
