  0.0000000e+000
  9.9501663e-006
  1.9801327e-005
  2.9554466e-005
  3.9210561e-005
  4.8770575e-005
  5.8235466e-005
  6.7606180e-005
  7.6883654e-005
  8.6068815e-005
  9.5162582e-005
  1.0416586e-004
  1.1307956e-004
  1.2190457e-004
  1.3064176e-004
  1.3929202e-004
  1.4785621e-004
  1.5633518e-004
  1.6472979e-004
  1.7304087e-004
  1.8126925e-004
  1.8941575e-004
  1.9748120e-004
  2.0546640e-004
  2.1337214e-004
  2.2119922e-004
  2.2894841e-004
  2.3662051e-004
  2.4421626e-004
  2.5173643e-004
  2.5918178e-004
  2.6655304e-004
  2.7385096e-004
  2.8107627e-004
  2.8822968e-004
  2.9531191e-004
  3.0232367e-004
  3.0926567e-004
  3.1613859e-004
  3.2294313e-004
  3.2967995e-004
  3.3634975e-004
  3.4295318e-004
  3.4949091e-004
  3.5596358e-004
  3.6237185e-004
  3.6871635e-004
  3.7499773e-004
  3.8121661e-004
  3.8737361e-004
  3.9346934e-004
  3.9950442e-004
  4.0547945e-004
  4.1139503e-004
  4.1725175e-004
  4.2305019e-004
  4.2879094e-004
  4.3447456e-004
  4.4010163e-004
  4.4567272e-004
  4.5118836e-004
  4.5664913e-004
  4.6205556e-004
  4.6740820e-004
  4.7270758e-004
  4.7795422e-004
  4.8314867e-004
  4.8829142e-004
  4.9338301e-004
  4.9842393e-004
  5.0341470e-004
  5.0835580e-004
  5.1324774e-004
  5.1809101e-004
  5.2288608e-004
  5.2763345e-004
  5.3233357e-004
  5.3698693e-004
  5.4159399e-004
  5.4615520e-004
  5.5067104e-004
  5.5514193e-004
  5.5956835e-004
  5.6395071e-004
  5.6828948e-004
  5.7258507e-004
  5.7683792e-004
  5.8104845e-004
  5.8521709e-004
  5.8934425e-004
  5.9343034e-004
  5.9747578e-004
  6.0148096e-004
  6.0544629e-004
  6.0937216e-004
  6.1325898e-004
  6.1710711e-004
  6.2091696e-004
  6.2468890e-004
  6.2842331e-004
  6.3212056e-004
  6.3578102e-004
  6.3940506e-004
  6.4299304e-004
  6.4654532e-004
  6.5006225e-004
  6.5354419e-004
  6.5699148e-004
  6.6040447e-004
  6.6378351e-004
  6.6712892e-004
  6.7044104e-004
  6.7372021e-004
  6.7696674e-004
  6.8018098e-004
  6.8336323e-004
  6.8651382e-004
  6.8963306e-004
  6.9272126e-004
  6.9577874e-004
  6.9880579e-004
  7.0180272e-004
  7.0476983e-004
  7.0770742e-004
  7.1061578e-004
  7.1349520e-004
  7.1634597e-004
  7.1916838e-004
  7.2196270e-004
  7.2472922e-004
  7.2746821e-004
  7.3017994e-004
  7.3286470e-004
  7.3552274e-004
  7.3815433e-004
  7.4075974e-004
  7.4333922e-004
  7.4589304e-004
  7.4842145e-004
  7.5092470e-004
  7.5340304e-004
  7.5585672e-004
  7.5828598e-004
  7.6069108e-004
  7.6307224e-004
  7.6542971e-004
  7.6776373e-004
  7.7007451e-004
  7.7236231e-004
  7.7462734e-004
  7.7686984e-004
  7.7909002e-004
  7.8128811e-004
  7.8346433e-004
  7.8561890e-004
  7.8775203e-004
  7.8986393e-004
  7.9195482e-004
  7.9402490e-004
  7.9607439e-004
  7.9810348e-004
  8.0011239e-004
  8.0210130e-004
  8.0407043e-004
  8.0601996e-004
  8.0795009e-004
  8.0986102e-004
  8.1175293e-004
  8.1362602e-004
  8.1548048e-004
  8.1731648e-004
  8.1913421e-004
  8.2093385e-004
  8.2271559e-004
  8.2447960e-004
  8.2622606e-004
  8.2795514e-004
  8.2966701e-004
  8.3136185e-004
  8.3303983e-004
  8.3470111e-004
  8.3634586e-004
  8.3797425e-004
  8.3958643e-004
  8.4118257e-004
  8.4276283e-004
  8.4432737e-004
  8.4587634e-004
  8.4740989e-004
  8.4892819e-004
  8.5043138e-004
  8.5191961e-004
  8.5339304e-004
  8.5485180e-004
  8.5629605e-004
  8.5772593e-004
  8.5914158e-004
  8.6054314e-004
  8.6193076e-004
  8.6330457e-004
  8.6466472e-004
  8.6601133e-004
  8.6734453e-004
  8.6866448e-004
  8.6997129e-004
  8.7126510e-004
  8.7254603e-004
  8.7381422e-004
  8.7506979e-004
  8.7631286e-004
  8.7754357e-004
  8.7876203e-004
  8.7996837e-004
  8.8116271e-004
  8.8234516e-004
  8.8351584e-004
  8.8467488e-004
  8.8582238e-004
  8.8695847e-004
  8.8808325e-004
  8.8919684e-004
  8.9029935e-004
  8.9139089e-004
  8.9247157e-004
  8.9354150e-004
  8.9460078e-004
  8.9564952e-004
  8.9668782e-004
  8.9771579e-004
  8.9873354e-004
  8.9974116e-004
  9.0073875e-004
  9.0172641e-004
  9.0270425e-004
  9.0367236e-004
  9.0463084e-004
  9.0557978e-004
  9.0651927e-004
  9.0744942e-004
  9.0837032e-004
  9.0928205e-004
  9.1018471e-004
  9.1107838e-004
  9.1196317e-004
  9.1283915e-004
  9.1370641e-004
  9.1456505e-004
  9.1541514e-004
  9.1625677e-004
  9.1709003e-004
  9.1791500e-004
  9.1873176e-004
  9.1954039e-004
  9.2034098e-004
  9.2113360e-004
  9.2191833e-004
  9.2269526e-004
  9.2346445e-004
  9.2422600e-004
  9.2497996e-004
  9.2572642e-004
  9.2646546e-004
  9.2719714e-004
  9.2792154e-004
  9.2863873e-004
  9.2934879e-004
  9.3005178e-004
  9.3074777e-004
  9.3143685e-004
  9.3211906e-004
  9.3279449e-004
  9.3346319e-004
  9.3412525e-004
  9.3478071e-004
  9.3542965e-004
  9.3607214e-004
  9.3670823e-004
  9.3733800e-004
  9.3796149e-004
  9.3857879e-004
  9.3918994e-004
  9.3979501e-004
  9.4039406e-004
  9.4098715e-004
  9.4157433e-004
  9.4215568e-004
  9.4273124e-004
  9.4330107e-004
  9.4386524e-004
  9.4442379e-004
  9.4497678e-004
  9.4552427e-004
  9.4606631e-004
  9.4660296e-004
  9.4713427e-004
  9.4766029e-004
  9.4818108e-004
  9.4869669e-004
  9.4920717e-004
  9.4971256e-004
  9.5021293e-004
  9.5070832e-004
  9.5119878e-004
  9.5168436e-004
  9.5216511e-004
  9.5264108e-004
  9.5311230e-004
  9.5357885e-004
  9.5404074e-004
  9.5449805e-004
  9.5495080e-004
  9.5539904e-004
  9.5584283e-004
  9.5628220e-004
  9.5671720e-004
  9.5714787e-004
  9.5757426e-004
  9.5799640e-004
  9.5841434e-004
  9.5882813e-004
  9.5923780e-004
  9.5964339e-004
  9.6004494e-004
  9.6044250e-004
  9.6083610e-004
  9.6122579e-004
  9.6161160e-004
  9.6199357e-004
  9.6237174e-004
  9.6274615e-004
  9.6311683e-004
  9.6348383e-004
  9.6384717e-004
  9.6420689e-004
  9.6456304e-004
  9.6491565e-004
  9.6526474e-004
  9.6561036e-004
  9.6595255e-004
  9.6629132e-004
  9.6662673e-004
  9.6695880e-004
  9.6728757e-004
  9.6761306e-004
  9.6793531e-004
  9.6825436e-004
  9.6857024e-004
  9.6888297e-004
  9.6919259e-004
  9.6949913e-004
  9.6980262e-004
  9.7010309e-004
  9.7040056e-004
  9.7069508e-004
  9.7098667e-004
  9.7127536e-004
  9.7156118e-004
  9.7184415e-004
  9.7212430e-004
  9.7240167e-004
  9.7267628e-004
  9.7294815e-004
  9.7321732e-004
  9.7348382e-004
  9.7374766e-004
  9.7400887e-004
  9.7426749e-004
  9.7452353e-004
  9.7477703e-004
  9.7502800e-004
  9.7527647e-004
  9.7552248e-004
  9.7576603e-004
  9.7600716e-004
  9.7624590e-004
  9.7648225e-004
  9.7671626e-004
  9.7694794e-004
  9.7717731e-004
  9.7740440e-004
  9.7762923e-004
  9.7785182e-004
  9.7807220e-004
  9.7829038e-004
  9.7850640e-004
  9.7872026e-004
  9.7893200e-004
  9.7914163e-004
  9.7934917e-004
  9.7955465e-004
  9.7975809e-004
  9.7995950e-004
  9.8015891e-004
  9.8035633e-004
  9.8055179e-004
  9.8074530e-004
  9.8093689e-004
  9.8112657e-004
  9.8131436e-004
  9.8150029e-004
  9.8168436e-004
